HD001
20220101
B5-101
20252
50000
20000
1500000
1570000
0
HD002
20230102
B5-101
20252
50000
20000
1500000
1570000
1
HD003
202400103
B5-102
20252
40000
15000
1500000
1555000
0
HD004
202500104
B5-102
20252
40000
15000
1500000
1555000
0
HD005
20220105
B5-102
20252
40000
15000
1500000
1555000
0
HD006
20230106
B5-102
20252
40000
15000
1500000
1555000
0
HD007
202400107
B5-104
20252
60000
25000
1500000
1585000
1
HD008
202500108
B5-104
20252
60000
25000
1500000
1585000
1
HD009
20220109
B5-105
20252
35000
12000
1500000
1547000
0
HD010
20230110
B5-105
20252
35000
12000
1500000
1547000
0
HD011
202400111
B5-105
20252
35000
12000
1500000
1547000
0
HD012
202500112
B5-105
20252
35000
12000
1500000
1547000
0
HD013
20220113
B5-107
20252
50000
20000
1500000
1570000
1
HD014
20230114
B5-107
20252
50000
20000
1500000
1570000
1
HD015
202400115
B5-108
20252
30000
10000
1500000
1540000
0
HD016
202500116
B5-108
20252
30000
10000
1500000
1540000
0
HD017
20220117
B5-108
20252
30000
10000
1500000
1540000
0
HD018
20230118
B5-108
20252
30000
10000
1500000
1540000
0
HD019
202400119
B5-110
20252
45000
18000
1500000
1563000
1
HD020
202500120
B5-110
20252
45000
18000
1500000
1563000
1
HD021
20220121
B5-111
20252
30000
10000
1500000
1540000
0
HD022
20230122
B5-111
20252
30000
10000
1500000
1540000
0
HD023
202400123
B5-111
20252
30000
10000
1500000
1540000
0
HD024
202500124
B5-111
20252
30000
10000
1500000
1540000
0
HD025
20220201
B5-201
20252
50000
20000
1500000
1570000
1
HD026
20230202
B5-201
20252
50000
20000
1500000
1570000
1
HD027
202400203
B5-202
20252
40000
15000
1500000
1555000
0
HD028
202500204
B5-202
20252
40000
15000
1500000
1555000
0
HD029
20220205
B5-202
20252
40000
15000
1500000
1555000
0
HD030
20230206
B5-202
20252
40000
15000
1500000
1555000
0
HD031
202400207
B5-204
20252
60000
25000
1500000
1585000
1
HD032
202500208
B5-204
20252
60000
25000
1500000
1585000
1
HD033
20220209
B5-205
20252
35000
12000
1500000
1547000
0
HD034
20230210
B5-205
20252
35000
12000
1500000
1547000
0
HD035
202400211
B5-205
20252
35000
12000
1500000
1547000
0
HD036
202500212
B5-205
20252
35000
12000
1500000
1547000
0
HD037
20220213
B5-207
20252
50000
20000
1500000
1570000
1
HD038
20230214
B5-207
20252
50000
20000
1500000
1570000
1
HD039
20220215
B5-208
20252
30000
10000
1500000
1540000
0
HD040
20230216
B5-208
20252
30000
10000
1500000
1540000
0
HD041
202400217
B5-208
20252
30000
10000
1500000
1540000
0
HD042
202500218
B5-208
20252
30000
10000
1500000
1540000
0
HD043
202400219
B5-210
20252
45000
18000
1500000
1563000
1
HD044
202500220
B5-210
20252
45000
18000
1500000
1563000
1
HD045
20220221
B5-211
20252
30000
10000
1500000
1540000
0
HD046
20230222
B5-211
20252
30000
10000
1500000
1540000
0
HD047
202400223
B5-211
20252
30000
10000
1500000
1540000
0
HD048
202500224
B5-211
20252
30000
10000
1500000
1540000
0
