B5-101
4
1500000
2
1
B5-102
4
1500000
4
0
B5-103
6
1000000
0
1
B5-104
4
1500000
2
1
B5-105
4
1500000
4
0
B5-106
6
1000000
0
1
B5-107
4
1500000
2
1
B5-108
4
1500000
4
0
B5-109
6
1000000
0
1
B5-110
4
1500000
2
1
B5-111
4
1500000
4
0
B5-112
6
1000000
0
1
B5-201
4
1500000
2
1
B5-202
4
1500000
4
0
B5-203
6
1000000
0
1
B5-204
4
1500000
2
1
B5-205
4
1500000
4
0
B5-206
6
1000000
0
1
B5-207
4
1500000
2
1
B5-208
4
1500000
4
0
B5-209
6
1000000
0
1
B5-210
4
1500000
2
1
B5-211
4
1500000
4
0
B5-212
6
1000000
0
1
B5 - 301
6
1000000
0
1
